28.951172
27.881836
30.671875
31.366211
30.396484
30.829102
31.997070
32.667969
32.382812
32.021484
31.873047
30.723633
32.382812
32.903320
33.261719
33.102539
32.506836
33.404297
33.767578
33.988281
30.404297
30.948242
30.614258
28.784180
31.060547
31.851562
30.458984
32.204102
32.375000
32.573242
31.888672
32.667969
32.280273
32.194336
33.400391
32.793945
33.124023
32.967773
33.266602
33.665039
31.917969
28.976562
31.065430
30.959961
31.841797
31.330078
32.275391
32.628906
32.784180
32.352539
32.366211
33.169922
32.487305
32.796875
32.483398
33.102539
32.632812
31.967773
33.400391
33.584961
30.959961
27.565430
30.851562
31.878906
31.891602
26.727539
31.000000
32.502930
32.455078
32.841797
32.569336
32.781250
33.004883
32.639648
32.829102
33.010742
33.671875
33.610352
33.546875
33.800781
27.495117
30.004883
30.954102
32.138672
32.675781
31.413086
32.065430
31.700195
31.396484
32.298828
32.727539
32.404297
32.251953
32.819336
33.113281
33.312500
33.917969
33.204102
32.854492
33.767578
30.734375
30.700195
31.618164
29.951172
32.043945
32.228516
28.321289
31.979492
30.873047
31.113281
32.511719
31.970703
32.618164
32.370117
31.375000
32.021484
32.810547
33.519531
33.483398
33.823242
31.179688
31.082031
27.458984
31.204102
32.475586
29.527344
30.791016
31.881836
30.875977
32.709961
32.429688
32.737305
32.573242
32.957031
32.565430
33.218750
33.823242
33.213867
32.927734
33.458984
30.595703
28.404297
31.646484
31.434570
32.076172
31.479492
30.988281
31.723633
31.991211
32.361328
31.835938
32.881836
32.639648
32.502930
32.462891
33.076172
33.149414
32.957031
33.479492
33.964844
31.021484
28.404297
29.614258
32.483398
31.942383
31.806641
30.082031
32.625000
32.404297
31.643555
31.881836
31.920898
32.806641
33.108398
33.330078
32.823242
32.584961
32.491211
33.542969
34.164062
28.413086
30.796875
29.128906
32.243164
32.703125
32.429688
31.174805
32.213867
31.639648
31.933594
31.906250
32.285156
32.429688
33.054688
33.204102
33.208984
33.199219
32.791016
33.535156
33.854492
31.854492
31.643555
29.703125
31.707031
32.764648
31.546875
32.321289
32.531250
31.936523
31.787109
32.071289
32.261719
32.421875
32.483398
33.218750
33.000000
33.128906
33.076172
33.577148
32.806641
30.628906
31.527344
31.466797
30.774414
32.169922
29.339844
32.010742
31.511719
31.693359
32.261719
32.293945
33.091797
31.606445
32.038086
32.409180
33.049805
32.774414
32.945312
32.451172
33.208984
31.118164
31.487305
31.650391
32.000000
31.133789
30.251953
31.233398
31.569336
31.933594
32.606445
32.060547
32.060547
32.326172
32.750977
33.317383
33.238281
32.903320
33.138672
32.744141
33.086914
28.370117
29.832031
31.293945
29.243164
31.451172
30.909180
28.298828
32.184570
32.378906
29.658203
32.021484
32.370117
32.682617
32.307617
32.577148
31.800781
32.959961
32.700195
33.321289
33.771484
31.867188
31.933594
31.243164
29.675781
31.238281
31.894531
31.774414
31.665039
31.409180
31.382812
32.854492
32.707031
32.213867
32.531250
32.933594
33.189453
33.027344
33.442383
33.065430
33.924805
29.228516
30.425781
31.994141
30.470703
32.124023
32.213867
30.823242
32.689453
31.873047
32.878906
32.218750
32.810547
32.748047
31.553711
32.591797
33.228516
33.667969
33.421875
33.213867
33.387695
30.665039
31.894531
31.930664
30.502930
31.933594
32.184570
30.791016
31.658203
32.523438
32.646484
31.270508
32.317383
32.010742
32.326172
33.133789
33.366211
33.128906
32.964844
32.727539
33.591797
28.643555
31.298828
29.164062
31.771484
30.573242
29.854492
30.784180
32.483398
32.491211
32.988281
32.625000
32.800781
32.434570
32.917969
32.475586
33.293945
33.523438
33.542969
32.954102
33.621094
31.744141
30.851562
29.643555
31.791016
32.027344
31.218750
31.071289
32.043945
31.930664
32.754883
31.757812
32.366211
32.213867
32.930664
32.685547
33.370117
33.404297
32.917969
33.043945
33.667969
20.511719
27.806641
30.787109
29.587891
31.506836
31.665039
30.218750
32.280273
32.591797
31.603516
32.909180
32.671875
32.744141
32.689453
32.661133
32.796875
33.470703
33.499023
33.375000
34.208984
