23.179688
22.912109
22.238281
23.750977
23.421875
22.787109
22.838867
25.027344
24.979492
22.819336
26.102539
26.285156
24.930664
24.391602
25.737305
26.233398
26.535156
26.499023
27.942383
27.678711
26.771484
27.199219
24.280273
26.102539
26.682617
25.819336
26.873047
27.330078
26.930664
27.164062
27.174805
25.275391
27.289062
27.334961
27.451172
28.194336
28.285156
28.784180
29.628906
28.479492
29.777344
28.639648
29.847656
27.823242
29.970703
30.502930
30.682617
31.942383
-31.215820
-31.450195
31.991211
-31.603516
-31.633789
-31.791016
-30.886719
-30.548828
-30.565430
-30.886719
-31.002930
-30.866211
30.280273
30.857422
28.891602
30.720703
-31.541016
-31.642578
-31.934570
-31.891602
31.455078
-31.578125
-30.642578
-31.404297
-30.945312
-31.625000
-31.029297
-31.738281
-31.334961
-30.665039
-30.541016
-30.142578
