28.951172
27.881836
30.671875
31.366211
30.396484
30.829102
31.997070
-31.332031
-31.617188
-31.978516
31.873047
30.723633
-31.617188
-31.096680
-30.738281
-30.897461
-31.493164
-30.595703
-30.232422
-30.011719
30.404297
30.948242
30.614258
28.784180
31.060547
31.851562
30.458984
-31.795898
-31.625000
-31.426758
31.888672
-31.332031
-31.719727
-31.805664
-30.599609
-31.206055
-30.875977
-31.032227
-30.733398
-30.334961
31.917969
28.976562
31.065430
30.959961
31.841797
31.330078
-31.724609
-31.371094
-31.215820
-31.647461
-31.633789
-30.830078
-31.512695
-31.203125
-31.516602
-30.897461
-31.367188
31.967773
-30.599609
-30.415039
30.959961
27.565430
30.851562
31.878906
31.891602
26.727539
31.000000
-31.497070
-31.544922
-31.158203
-31.430664
-31.218750
-30.995117
-31.360352
-31.170898
-30.989258
-30.328125
-30.389648
-30.453125
-30.199219
27.495117
30.004883
30.954102
-31.861328
-31.324219
31.413086
-31.934570
31.700195
31.396484
-31.701172
-31.272461
-31.595703
-31.748047
-31.180664
-30.886719
-30.687500
-30.082031
-30.795898
-31.145508
-30.232422
30.734375
30.700195
31.618164
29.951172
-31.956055
-31.771484
28.321289
31.979492
30.873047
31.113281
-31.488281
31.970703
-31.381836
-31.629883
31.375000
-31.978516
-31.189453
-30.480469
-30.516602
-30.176758
31.179688
31.082031
27.458984
31.204102
-31.524414
29.527344
30.791016
31.881836
30.875977
-31.290039
-31.570312
-31.262695
-31.426758
-31.042969
-31.434570
-30.781250
-30.176758
-30.786133
-31.072266
-30.541016
30.595703
28.404297
31.646484
31.434570
-31.923828
31.479492
30.988281
31.723633
31.991211
-31.638672
31.835938
-31.118164
-31.360352
-31.497070
-31.537109
-30.923828
-30.850586
-31.042969
-30.520508
-30.035156
31.021484
28.404297
29.614258
-31.516602
31.942383
31.806641
30.082031
-31.375000
-31.595703
31.643555
31.881836
31.920898
-31.193359
-30.891602
-30.669922
-31.176758
-31.415039
-31.508789
-30.457031
-29.835938
28.413086
30.796875
29.128906
-31.756836
-31.296875
-31.570312
31.174805
-31.786133
31.639648
31.933594
31.906250
-31.714844
-31.570312
-30.945312
-30.795898
-30.791016
-30.800781
-31.208984
-30.464844
-30.145508
31.854492
31.643555
29.703125
31.707031
-31.235352
31.546875
-31.678711
-31.468750
31.936523
31.787109
-31.928711
-31.738281
-31.578125
-31.516602
-30.781250
-31.000000
-30.871094
-30.923828
-30.422852
-31.193359
30.628906
31.527344
31.466797
30.774414
-31.830078
29.339844
-31.989258
31.511719
31.693359
-31.738281
-31.706055
-30.908203
31.606445
-31.961914
-31.590820
-30.950195
-31.225586
-31.054688
-31.548828
-30.791016
31.118164
31.487305
31.650391
-32.000000
31.133789
30.251953
31.233398
31.569336
31.933594
-31.393555
-31.939453
-31.939453
-31.673828
-31.249023
-30.682617
-30.761719
-31.096680
-30.861328
-31.255859
-30.913086
28.370117
29.832031
31.293945
29.243164
31.451172
30.909180
28.298828
-31.815430
-31.621094
29.658203
-31.978516
-31.629883
-31.317383
-31.692383
-31.422852
31.800781
-31.040039
-31.299805
-30.678711
-30.228516
31.867188
31.933594
31.243164
29.675781
31.238281
31.894531
31.774414
31.665039
31.409180
31.382812
-31.145508
-31.292969
-31.786133
-31.468750
-31.066406
-30.810547
-30.972656
-30.557617
-30.934570
-30.075195
29.228516
30.425781
31.994141
30.470703
-31.875977
-31.786133
30.823242
-31.310547
31.873047
-31.121094
-31.781250
-31.189453
-31.251953
31.553711
-31.408203
-30.771484
-30.332031
-30.578125
-30.786133
-30.612305
30.665039
31.894531
31.930664
30.502930
31.933594
-31.815430
30.791016
31.658203
-31.476562
-31.353516
31.270508
-31.682617
-31.989258
-31.673828
-30.866211
-30.633789
-30.871094
-31.035156
-31.272461
-30.408203
28.643555
31.298828
29.164062
31.771484
30.573242
29.854492
30.784180
-31.516602
-31.508789
-31.011719
-31.375000
-31.199219
-31.565430
-31.082031
-31.524414
-30.706055
-30.476562
-30.457031
-31.045898
-30.378906
31.744141
30.851562
29.643555
31.791016
-31.972656
31.218750
31.071289
-31.956055
31.930664
-31.245117
31.757812
-31.633789
-31.786133
-31.069336
-31.314453
-30.629883
-30.595703
-31.082031
-30.956055
-30.332031
20.511719
27.806641
30.787109
29.587891
31.506836
31.665039
30.218750
-31.719727
-31.408203
31.603516
-31.090820
-31.328125
-31.255859
-31.310547
-31.338867
-31.203125
-30.529297
-30.500977
-30.625000
-29.791016
