31.455078
31.124023
31.851562
32.124023
32.243164
31.289062
31.491211
31.727539
32.569336
31.924805
32.900391
32.819336
32.750977
32.169922
32.054688
32.466797
33.470703
33.832031
33.546875
33.343750
31.455078
31.124023
31.851562
32.124023
32.243164
31.289062
31.491211
31.727539
32.569336
31.924805
32.900391
32.819336
32.750977
32.169922
32.054688
32.466797
33.470703
33.832031
33.546875
33.343750
31.455078
31.124023
31.851562
32.124023
32.243164
31.289062
31.491211
31.727539
32.569336
31.924805
32.900391
32.819336
32.750977
32.169922
32.054688
32.466797
33.470703
33.832031
33.546875
33.343750
31.455078
31.124023
31.851562
32.124023
32.243164
31.289062
31.491211
31.727539
32.569336
31.924805
32.900391
32.819336
32.750977
32.169922
32.054688
32.466797
33.470703
33.832031
33.546875
33.343750
31.455078
31.124023
31.851562
32.124023
32.243164
31.289062
31.491211
31.727539
32.569336
31.924805
32.900391
32.819336
32.750977
32.169922
32.054688
32.466797
33.470703
33.832031
33.546875
33.343750
31.455078
31.124023
31.851562
32.124023
32.243164
31.289062
31.491211
31.727539
32.569336
31.924805
32.900391
32.819336
32.750977
32.169922
32.054688
32.466797
33.470703
33.832031
33.546875
33.343750
31.455078
31.124023
31.851562
32.124023
32.243164
31.289062
31.491211
31.727539
32.569336
31.924805
32.900391
32.819336
32.750977
32.169922
32.054688
32.466797
33.470703
33.832031
33.546875
33.343750
30.128906
30.128906
30.128906
31.396484
31.138672
32.312500
30.723633
32.416992
32.851562
32.251953
32.693359
33.133789
33.118164
32.894531
33.060547
33.038086
33.628906
32.920898
33.531250
33.610352
30.128906
30.128906
30.128906
31.396484
31.138672
32.312500
30.723633
32.416992
32.851562
32.251953
32.693359
33.133789
33.118164
32.894531
33.060547
33.038086
33.628906
32.920898
33.531250
33.610352
30.128906
30.128906
30.128906
31.396484
31.138672
32.312500
30.723633
32.416992
32.851562
32.251953
32.693359
33.133789
33.118164
32.894531
33.060547
33.038086
33.628906
32.920898
33.531250
33.610352
30.128906
30.128906
30.128906
31.396484
31.138672
32.312500
30.723633
32.416992
32.851562
32.251953
32.693359
33.133789
33.118164
32.894531
33.060547
33.038086
33.628906
32.920898
33.531250
33.610352
30.128906
30.128906
30.128906
31.396484
31.138672
32.312500
30.723633
32.416992
32.851562
32.251953
32.693359
33.133789
33.118164
32.894531
33.060547
33.038086
33.628906
32.920898
33.531250
33.610352
30.128906
30.128906
30.128906
31.396484
31.138672
32.312500
30.723633
32.416992
32.851562
32.251953
32.693359
33.133789
33.118164
32.894531
33.060547
33.038086
33.628906
32.920898
33.531250
33.610352
30.128906
30.128906
30.128906
31.396484
31.138672
32.312500
30.723633
32.416992
32.851562
32.251953
32.693359
33.133789
33.118164
32.894531
33.060547
33.038086
33.628906
32.920898
33.531250
33.610352
30.128906
30.128906
30.128906
31.396484
31.138672
32.312500
30.723633
32.416992
32.851562
32.251953
32.693359
33.133789
33.118164
32.894531
33.060547
33.038086
33.628906
32.920898
33.531250
33.610352
30.128906
30.128906
30.128906
31.396484
31.138672
32.312500
30.723633
32.416992
32.851562
32.251953
32.693359
33.133789
33.118164
32.894531
33.060547
33.038086
33.628906
32.920898
33.531250
33.610352
30.128906
30.128906
30.128906
31.396484
31.138672
32.312500
30.723633
32.416992
32.851562
32.251953
32.693359
33.133789
33.118164
32.894531
33.060547
33.038086
33.628906
32.920898
33.531250
33.610352
30.128906
30.128906
30.128906
31.396484
31.138672
32.312500
30.723633
32.416992
32.851562
32.251953
32.693359
33.133789
33.118164
32.894531
33.060547
33.038086
33.628906
32.920898
33.531250
33.610352
30.128906
30.128906
30.128906
31.396484
31.138672
32.312500
30.723633
32.416992
32.851562
32.251953
32.693359
33.133789
33.118164
32.894531
33.060547
33.038086
33.628906
32.920898
33.531250
33.610352
30.128906
30.128906
30.128906
31.396484
31.138672
32.312500
30.723633
32.416992
32.851562
32.251953
32.693359
33.133789
33.118164
32.894531
33.060547
33.038086
33.628906
32.920898
33.531250
33.610352
